180734
192250
227595
256635
258448
267490
273181
285812
298203
306889
335317
341806
346237
352947
354814
248516
272407
283853
310925
322000
323338
375331
248233
318774
361116
278367
287005
352722
367161
373417
257106
207341
255135
306073
343571
346564
360317
378012
382187
346592
277286
286477
301221
341972
358811
359770
363190
400431
249144
269694
297847
303434
324478
339436
364453
367820
267918
306672
354654
372254
376933
383934
235258
300841
361367
368413
377061
317397
247983
280800
287082
291229
295969
297616
314327
322371
347402
353265
358857
364929
369264
370085
376259
374144
381307
385034
392890
394511
398911
379705
281024
330233
332647
341976
342514
375500
342476
398432
362399
323821
279181
279103
316276
343366
431494
341823
422066
416213
374515
368901
354598
217608
242177
420457
290305
404042
402257
332584
320432
300057
264416
261166
261319
361973
255318
372938
247209
339129
350113
303143
311357
305240
472273
322050